2 0.529296875 0.5461136609375 0.529296875 0.5695394484375 0.5234375 0.5958934609375001 0.50390625 0.6427450343750001 0.501953125 0.69252483125 0.5087890625 0.69398894375 0.513671875 0.6808119375 0.515625 0.639816809375 0.5390625 0.5490418859374999 0.5498046875 0.5358648796875001 0.5673828125 0.5300084328125 0.580078125 0.5139032046875001 0.587890625 0.46412340625 0.5791015625 0.459731071875 0.5693359375 0.46558751875000004 0.5576171875 0.483156859375 0.552734375 0.45241051250000003 0.5419921875 0.44216173124999997 0.52734375 0.461195184375 0.521484375 0.478764525 0.513671875 0.4553387375 0.5009765625 0.43630528437500005 0.49609375 0.44069761874999996 0.494140625 0.46412340625 0.5 0.4992620875 0.5078125 0.5197596515625 0.529296875 0.5461136609375
2 0.296875 0.686668384375 0.2958984375 0.6969171671875001 0.3251953125 0.6617784859375 0.3974609375 0.6617784859375 0.4052734375 0.6559220390625 0.41796875 0.631032140625 0.41796875 0.62224746875 0.4072265625 0.6149269109375 0.3798828125 0.6149269109375 0.3681640625 0.6207833578125 0.365234375 0.616391021875 0.3671875 0.5753958953125 0.3603515625 0.5651471140625 0.3310546875 0.585644678125 0.328125 0.5812523421875 0.328125 0.5314725453125 0.3212890625 0.5124390921875001 0.30859375 0.5344007671875 0.3046875 0.5548983328125 0.3046875 0.5812523421875 0.31640625 0.631032140625 0.31640625 0.651529703125 0.296875 0.686668384375
2 0.1767578125 0.6002857953125 0.1708984375 0.6002857953125 0.171875 0.6134628 0.1845703125 0.6442091453125001 0.1962890625 0.6559220390625 0.2119140625 0.6617784859375 0.2236328125 0.676419603125 0.2568359375 0.6500655921875 0.27734375 0.6134628 0.2783203125 0.573931784375 0.2646484375 0.5827164546875 0.25 0.610534575 0.24609375 0.607606353125 0.248046875 0.5519701078125 0.2333984375 0.527080209375 0.21875 0.5402572140624999 0.2080078125 0.5710035609374999 0.1943359375 0.5534342203125 0.185546875 0.5578265546875001 0.18359375 0.5929652359375 0.189453125 0.6134628 0.1845703125 0.6149269109375 0.1767578125 0.6002857953125
2 0.0908203125 0.7174147296875 0.1240234375 0.7027736124999999 0.1416015625 0.6852042734375 0.15234375 0.666170821875 0.1494140625 0.6588502625 0.1298828125 0.676419603125 0.125 0.67202726875 0.126953125 0.64860148125 0.1181640625 0.6471373687499999 0.1044921875 0.6559220390625 0.0927734375 0.6734913796875001 0.08984375 0.660314375 0.09375 0.628103915625 0.0849609375 0.591501125 0.076171875 0.610534575 0.0732421875 0.6471373687499999 0.068359375 0.64567325625 0.0615234375 0.6207833578125 0.060546875 0.660314375 0.080078125 0.7159506171875 0.0771484375 0.7496251875 0.0908203125 0.7174147296875
2 0.353515625 0.836007778125 0.361328125 0.85357711875 0.3603515625 0.9165339203125 0.36328125 0.87407468125 0.37109375 0.8506488937500001 0.4130859375 0.8140461015625 0.44140625 0.7657304171875 0.4404296875 0.7466969640625 0.4306640625 0.7584098578125 0.42578125 0.7569457453124999 0.42578125 0.7071659484375 0.4150390625 0.69398894375 0.3740234375 0.7466969640625 0.3505859375 0.7057018359375 0.3427734375 0.7057018359375 0.337890625 0.7130223953125 0.33203125 0.7305917359375 0.3310546875 0.7584098578125 0.3271484375 0.7584098578125 0.3076171875 0.7291276234375 0.2978515625 0.7261993999999999 0.296875 0.7335199578125 0.30859375 0.7715868640625 0.3388671875 0.8228307718750001 0.353515625 0.836007778125
2 1 0.5841805671875 0.9814453125 0.62371158125 0.9580078125 0.5768600078125 0.9482421875 0.5827164546875 0.9326171875 0.6090704640625 0.923828125 0.5812523421875 0.9052734375 0.5592906671875 0.90234375 0.5636830015625 0.90234375 0.5929652359375 0.90625 0.62224746875 0.9375 0.69545305625 0.935546875 0.7276635109375 0.923828125 0.7657304171875 0.9267578125 0.7701227515625 0.9453125 0.7042377234375 0.9794921875 0.664706709375 1 0.64860148125 1 0.5841805671875
2 0.5458984375 0.6002857953125 0.5830078125 0.591501125 0.603515625 0.5695394484375 0.6025390625 0.5592906671875 0.5830078125 0.5651471140625 0.58203125 0.5373289921875 0.5712890625 0.527080209375 0.5595703125 0.5358648796875001 0.5478515625 0.5358648796875001 0.537109375 0.5548983328125 0.537109375 0.5958934609375001 0.513671875 0.64567325625 0.5146484375 0.6559220390625 0.5458984375 0.6002857953125
2 0.75390625 0.6193192468750001 0.7607421875 0.6266398046874999 0.76171875 0.5636830015625 0.771484375 0.5226878734375 0.7685546875 0.506582646875 0.794921875 0.472908078125 0.80078125 0.437769396875 0.7880859375 0.45094640156250004 0.7783203125 0.4450899546875 0.7607421875 0.4626592953125 0.751953125 0.43484117187500004 0.7412109375 0.41873594374999995 0.732421875 0.428984725 0.7294921875 0.44216173124999997 0.7216796875 0.43337706093749995 0.720703125 0.44948229062499995 0.7265625 0.472908078125 0.751953125 0.5226878734375 0.75390625 0.6193192468750001
2 0.642578125 0.51097498125 0.6533203125 0.55636244375 0.65625 0.5461136609375 0.65234375 0.5168314265625 0.677734375 0.461195184375 0.677734375 0.428984725 0.6748046875 0.424592390625 0.6650390625 0.44216173124999997 0.6513671875 0.424592390625 0.6318359375 0.448018178125 0.6259765625 0.448018178125 0.6103515625 0.4304488375 0.607421875 0.43484117187500004 0.60546875 0.44948229062499995 0.611328125 0.4758363 0.6201171875 0.4919415296875 0.642578125 0.51097498125
2 0.7607421875 0.3835972640625 0.7763671875 0.380669040625 0.79296875 0.3645638109375 0.7919921875 0.357243253125 0.7861328125 0.36017147656250004 0.783203125 0.3557791421875 0.7802734375 0.3426021359375 0.7705078125 0.345530359375 0.7568359375 0.32796101875 0.751953125 0.3323533546875 0.755859375 0.3850613765625 0.740234375 0.4143436109375 0.7431640625 0.4216641671875 0.7607421875 0.3835972640625
2 0.658203125 0.30892756875 0.65625 0.288430003125 0.6513671875 0.28403766875 0.6435546875 0.2869658921875 0.6396484375 0.266468328125 0.6220703125 0.2752529984375 0.619140625 0.29428645000000003 0.6259765625 0.32503279687500003 0.6494140625 0.31917635 0.658203125 0.30892756875
2 0.47265625 0.423128278125 0.470703125 0.44069761874999996 0.4765625 0.4553387375 0.474609375 0.49047741875 0.4814453125 0.4919415296875 0.490234375 0.469979853125 0.4814453125 0.47144396562499996 0.48046875 0.45826695937500006 0.5029296875 0.43337706093749995 0.509765625 0.41727183281249997 0.4990234375 0.392381934375 0.4873046875 0.3953101578125 0.4794921875 0.41287949843750005 0.4736328125 0.41287949843750005 0.462890625 0.39091782343750003 0.45703125 0.41141538593750004 0.4599609375 0.41873594374999995 0.4638671875 0.41287949843750005 0.47265625 0.423128278125
2 0.474609375 0.43484117187500004 0.47265625 0.423128278125 0.4658203125 0.41873594374999995 0.4599609375 0.404094828125 0.45703125 0.4055589390625 0.458984375 0.42020005625 0.4560546875 0.424592390625 0.4423828125 0.4011666046875 0.4345703125 0.41287949843750005 0.4267578125 0.41287949843750005 0.4296875 0.437769396875 0.4443359375 0.4773004125 0.4638671875 0.45680284843749996 0.474609375 0.43484117187500004
2 0.06640625 0.5139032046875001 0.060546875 0.5578265546875001 0.0615234375 0.5827164546875 0.064453125 0.5783241203125 0.06640625 0.5636830015625 0.064453125 0.5607547796875 0.068359375 0.5490418859374999 0.0703125 0.5256160984375 0.0810546875 0.5095108703125 0.0869140625 0.5095108703125 0.1044921875 0.494869753125 0.119140625 0.469979853125 0.12109375 0.4553387375 0.111328125 0.4553387375 0.111328125 0.428984725 0.1044921875 0.4216641671875 0.0869140625 0.4275206140625 0.0771484375 0.45094640156250004 0.07421875 0.44948229062499995 0.068359375 0.43191294999999996 0.0615234375 0.424592390625 0.056640625 0.44362584375 0.056640625 0.45826695937500006 0.0537109375 0.4626592953125 0.0400390625 0.4275206140625 0.0390625 0.45241051250000003 0.044921875 0.472908078125 0.064453125 0.505118534375 0.06640625 0.5139032046875001
2 0.0185546875 0.652993815625 0.0302734375 0.6500655921875 0.0380859375 0.641280921875 0.052734375 0.6046781296875 0.0517578125 0.5885729015625001 0.0361328125 0.597357571875 0.029296875 0.5695394484375 0.0244140625 0.5651471140625 0.0126953125 0.5680753375 0.00390625 0.5783241203125 0 0.5871087890625 0.0009765625 0.6998453890625 0.00390625 0.67202726875 0.0185546875 0.652993815625
2 0.0947265625 0.8931081328125 0.1220703125 0.9018928031250001 0.12890625 0.9121415859375 0.123046875 0.9502084890625 0.107421875 0.991203615625 0.1123046875 0.998524175 0.12890625 0.9941318406249999 0.138671875 0.9619213828125 0.13671875 0.9531367140624999 0.1435546875 0.9428879312499999 0.1669921875 0.9341032609375001 0.1982421875 0.9106774734374999 0.203125 0.9004286921875 0.205078125 0.8857875734375 0.19921875 0.8506488937500001 0.19921875 0.821366659375 0.1904296875 0.8140461015625 0.181640625 0.8184384375 0.1875 0.789156203125 0.1875 0.7481610765625 0.1767578125 0.7232711765625 0.1630859375 0.732055846875 0.14453125 0.7569457453124999 0.138671875 0.79501265 0.1318359375 0.8052614312499999 0.115234375 0.7569457453124999 0.0966796875 0.73791229375 0.0859375 0.7481610765625 0.080078125 0.7657304171875 0.08203125 0.8008690968750001 0.0791015625 0.8052614312499999 0.0634765625 0.7906203140625 0.0478515625 0.7906203140625 0.044921875 0.79501265 0.046875 0.8125819906249999 0.0625 0.8506488937500001 0.0947265625 0.8931081328125
2 0.8974609375 0.48608508281249996 0.8994140625 0.494869753125 0.9033203125 0.4919415296875 0.916015625 0.51097498125 0.919921875 0.5607547796875 0.9296875 0.5958934609375001 0.9345703125 0.6002857953125 0.935546875 0.5900370140625 0.92578125 0.5636830015625 0.921875 0.5373289921875 0.921875 0.5139032046875001 0.953125 0.469979853125 0.96484375 0.43191294999999996 0.9580078125 0.43337706093749995 0.9462890625 0.4070230515625 0.931640625 0.426056503125 0.9189453125 0.459731071875 0.916015625 0.44362584375 0.8994140625 0.41873594374999995 0.8876953125 0.4275206140625 0.8720703125 0.4070230515625 0.869140625 0.43484117187500004 0.873046875 0.4553387375 0.8896484375 0.48608508281249996 0.8974609375 0.48608508281249996
2 0.845703125 0.484620971875 0.84765625 0.51097498125 0.8525390625 0.5124390921875001 0.85546875 0.46705163125000004 0.869140625 0.423128278125 0.869140625 0.41141538593750004 0.8759765625 0.40995127499999995 0.8837890625 0.41873594374999995 0.912109375 0.3938460453125 0.9091796875 0.3894537109375 0.9033203125 0.392381934375 0.90234375 0.3821331515625 0.8955078125 0.37774081718749997 0.8916015625 0.3660279234375 0.8759765625 0.36017147656250004 0.8740234375 0.3426021359375 0.8486328125 0.3426021359375 0.8427734375 0.33381746562500003 0.8349609375 0.3543150296875 0.8291015625 0.3396739125 0.83203125 0.3645638109375 0.845703125 0.3821331515625 0.857421875 0.4143436109375 0.845703125 0.484620971875
2 0.7021484375 0.415807721875 0.720703125 0.3967742703125 0.7060546875 0.39823838125 0.7001953125 0.37774081718749997 0.6865234375 0.380669040625 0.6796875 0.34699447031249997 0.6748046875 0.3426021359375 0.662109375 0.3616355890625 0.6650390625 0.4275206140625 0.6787109375 0.415807721875 0.7021484375 0.415807721875