2 0.67578125 0.7359252921875 0.6748046875 0.7197672546875 0.6689453125 0.7197672546875 0.6591796875 0.7344563796875 0.6533203125 0.7256429046874999 0.6455078109375 0.7227050796875 0.64453125 0.7124226874999999 0.6396484375 0.710953775 0.6298828109375 0.7315185546875 0.6201171890625 0.7344563796875 0.6171875015625 0.7418009453125001 0.6171875015625 0.7653035499999999 0.623046875 0.7888061546875 0.623046875 0.8005574546875 0.62109375 0.8034952796875 0.623046875 0.8064331046875 0.625 0.8387491875 0.6279296875 0.8431559249999999 0.638671875 0.8416870125000001 0.640625 0.8328735328124999 0.640625 0.8005574546875 0.669921875 0.7564900703124999 0.67578125 0.7359252921875
2 0.6972656265625 0.7036092125 0.703125 0.6977335625000001 0.703125 0.6712931328125 0.6962890640625 0.6610107421875 0.6884765625 0.6668863921875 0.6826171890625 0.6580729171875 0.6767578109375 0.6639485671875 0.6689453125 0.6639485671875 0.6650390640625 0.6580729171875 0.658203125 0.6712931328125 0.654296875 0.6859822578125 0.654296875 0.7182983421875 0.65625 0.7271118171875 0.6630859359375 0.7285807296875 0.6689453125 0.7197672546875 0.67578125 0.7212361671874999 0.67578125 0.7359252921875 0.669921875 0.7594278953125 0.6660156265625 0.7653035499999999 0.66796875 0.774117025 0.671875 0.774117025 0.689453125 0.7388631171875 0.69140625 0.7271118171875 0.69921875 0.7182983421875 0.6972656265625 0.7036092125
2 0.2880859359375 0.6580729171875 0.2763671890625 0.6668863921875 0.2666015625 0.6668863921875 0.263671875 0.6536661796875001 0.2568359359375 0.6492594421875 0.2548828109375 0.6433837875 0.2509765625 0.6433837875 0.248046875 0.6477905296875 0.248046875 0.6595418296875 0.2421875015625 0.6742309578125 0.2421875015625 0.6947957375 0.2441406265625 0.6977335625000001 0.2441406265625 0.7241739921875 0.24609375 0.7271118171875 0.248046875 0.7506144203125 0.2529296875 0.7608968078125 0.2578124984375 0.7594278953125 0.2910156265625 0.7094848625 0.294921875 0.6918579078125 0.294921875 0.6683553046874999 0.2880859359375 0.6580729171875
2 0.3691406265625 0.5684692375 0.373046875 0.5567179375 0.373046875 0.5390909828125 0.375 0.5361531578125 0.373046875 0.5097127296874999 0.3642578109375 0.4847412125 0.3623046875 0.5023681625 0.3583984375 0.49943033750000004 0.3466796875 0.5023681625 0.3408203125 0.4935546875 0.3369140640625 0.4935546875 0.33203125 0.5038370750000001 0.3339843734375 0.5273396796875 0.345703125 0.5625935875 0.359375 0.5831583671875 0.3671875015625 0.624287925 0.37109375 0.62722575 0.37109375 0.6095987953125 0.3671875015625 0.5919718421875 0.3691406265625 0.5890340171874999 0.3691406265625 0.5684692375
2 0.1728515625 0.3819173171875 0.1650390640625 0.3848551421875 0.1533203125 0.4054199203125 0.1503906265625 0.4039510078125 0.1484375015625 0.38926188281249996 0.1435546875 0.3848551421875 0.1318359359375 0.3907307953125 0.1279296875 0.3789794921875 0.125 0.38632405468750003 0.125 0.3951375328125 0.123046875 0.3980753578125 0.125 0.4274536125 0.1308593734375 0.44214274218750005 0.1308593734375 0.44801839218749995 0.13671875 0.45683186718749996 0.138671875 0.4685831703125 0.1416015625 0.47298990781250005 0.1464843734375 0.4715209953125 0.18359375 0.4157023125 0.1796875015625 0.4039510078125 0.1796875015625 0.3951375328125 0.1728515625 0.3819173171875
2 0.1240234375 0.43186035 0.11816406406249999 0.43186035 0.11621093593750001 0.43479817499999995 0.1103515625 0.4259847 0.10449218906249999 0.4259847 0.09765625 0.4362670921875 0.09960937343750001 0.4715209953125 0.10546875 0.48914795 0.11523437343750001 0.5038370750000001 0.11523437343750001 0.5097127296874999 0.11914062656249999 0.5126505546875 0.12890625 0.4950236 0.1328124984375 0.47739664531250003 0.1328124984375 0.4627075203125 0.1240234375 0.43186035
2 0.1728515625 0.3819173171875 0.1650390640625 0.3848551421875 0.1533203125 0.4054199203125 0.1503906265625 0.4039510078125 0.1484375015625 0.38926188281249996 0.1435546875 0.3848551421875 0.1318359359375 0.3907307953125 0.1279296875 0.3789794921875 0.125 0.38632405468750003 0.125 0.3951375328125 0.123046875 0.3980753578125 0.125 0.4274536125 0.1308593734375 0.44214274218750005 0.1308593734375 0.44801839218749995 0.13671875 0.45683186718749996 0.138671875 0.4685831703125 0.1416015625 0.47298990781250005 0.1464843734375 0.4715209953125 0.18359375 0.4157023125 0.1796875015625 0.4039510078125 0.1796875015625 0.3951375328125 0.1728515625 0.3819173171875
2 0.32421875 0.3980753578125 0.3212890640625 0.3936686203125 0.3173828109375 0.3966064453125 0.3017578109375 0.3966064453125 0.2978515625 0.3907307953125 0.2880859359375 0.3907307953125 0.28515625 0.3951375328125 0.28515625 0.4245157875 0.2871093734375 0.43332926250000003 0.3027343734375 0.4597696953125 0.3066406265625 0.4715209953125 0.310546875 0.4744588203125 0.3203124984375 0.4538940421875 0.3222656265625 0.4245157875 0.32421875 0.42157796249999996 0.32421875 0.3980753578125
2 0.3984375015625 0.4744588203125 0.3984375015625 0.44214274218750005 0.3935546875 0.4406738296875 0.3876953125 0.44361165468749997 0.3818359359375 0.43186035 0.37109375 0.44801839218749995 0.3671875015625 0.46564534531249996 0.3691406265625 0.4685831703125 0.3691406265625 0.49208577499999995 0.373046875 0.5097127296874999 0.3798828109375 0.5229329421875 0.3828124984375 0.5214640296875 0.388671875 0.5126505546875 0.3964843734375 0.48621012500000005 0.3964843734375 0.47739664531250003 0.3984375015625 0.4744588203125
1 0.3183593734375 0.5479044578125001 0.3115234375 0.5376220703125 0.3066406265625 0.5479044578125001 0.30859375 0.5537801124999999 0.30859375 0.5714070625 0.310546875 0.5743448875 0.310546875 0.5919718421875 0.3222656265625 0.636039225 0.3271484375 0.6433837875 0.330078125 0.641914875 0.330078125 0.5949096671875 0.328125 0.5919718421875 0.326171875 0.5714070625 0.3183593734375 0.5479044578125001
2 0.6728515625 0.5611246750000001 0.6708984375 0.5640625 0.6660156265625 0.5567179375 0.6640624984375 0.5449666328125 0.6591796875 0.5405598953124999 0.6494140640625 0.555249025 0.6435546875 0.555249025 0.63671875 0.5655314125 0.6328124984375 0.5772827171875 0.6328124984375 0.5978474921875 0.6347656265625 0.6007853203125 0.638671875 0.6331013999999999 0.6416015625 0.6375081375 0.64453125 0.636039225 0.671875 0.5978474921875 0.6796875015625 0.5714070625 0.6777343734375 0.5625935875 0.6728515625 0.5611246750000001