2 0.6152343765625 0.9921970515625 0.6259765625 0.9995033624999999 0.609375 0.9045213171875 0.6582031234375 0.8110005359375 0.6738281234375 0.7496275203125 0.6650390625 0.748166259375 0.6533203125 0.7627788796875 0.6416015625 0.7423212109375 0.6298828125 0.748166259375 0.6201171875 0.7247860640625 0.6083984375 0.721863540625 0.5830078125 0.7920041265625 0.5673828125 0.774468978125 0.5556640625 0.783236553125 0.5322265625 0.7569338343750001 0.5068359375 0.7452437359374999 0.5078125 0.7613176187499999 0.5371093765625 0.82561315625 0.5996093765625 0.9103663671875 0.6152343765625 0.9921970515625
2 0.1904296875 0.8153843234375 0.2207031234375 0.778852765625 0.23046875 0.7525500468749999 0.2294921875 0.7423212109375 0.1806640625 0.7978491734375 0.19140625 0.7496275203125 0.1884765625 0.7101734421875 0.1748046875 0.7189410140625 0.1464843765625 0.7671626671875 0.140625 0.708712178125 0.1240234375 0.6721806234375001 0.10546875 0.69994460625 0.1025390625 0.721863540625 0.0888671875 0.6984833453125 0.09179687656249999 0.7554725703125 0.1240234375 0.8270744203125 0.1474609375 0.8329194671875 0.1904296875 0.8153843234375
2 0.044921876562500004 0.995119575 0.0595703125 0.9293627750000001 0.1435546875 0.9001375312500001 0.17578125 0.869451025 0.1689453125 0.8621447140624999 0.1357421875 0.8738348125 0.1396484375 0.82999694375 0.0966796875 0.8446095640625 0.09960937656249999 0.7905428624999999 0.0908203125 0.7540113078124999 0.0595703125 0.7920041265625 0.0419921875 0.76862393125 0.03515625 0.7905428624999999 0.033203123437499996 0.846070828125 0.048828123437499996 0.9015987921875 0.0380859375 0.9995033624999999 0.044921876562500004 0.995119575
2 0.13671875 0.44860750312500003 0.1455078125 0.45006876562500003 0.1933593765625 0.3930795375 0.21484375 0.3258614765625 0.1728515625 0.3565479828125 0.16796875 0.3141713796875 0.1572265625 0.289329921875 0.1318359375 0.3302452609375 0.1162109375 0.2922524453125 0.11328125 0.3054038046875 0.10351562343750001 0.311248853125 0.10546875 0.3521641953125 0.13671875 0.44860750312500003
2 0.0791015625 0.22503438125000003 0.09960937656249999 0.2001929234375 0.11523437656249999 0.16512263124999998 0.1005859375 0.15781632031249998 0.0771484375 0.178273990625 0.0712890625 0.134436125 0.0576171875 0.143203696875 0.0517578125 0.125668553125 0.0361328125 0.134436125 0.0205078125 0.10521087968750001 0.009765623437499999 0.10667214218750001 0.0078125 0.1388199125 0.015625 0.1914253515625 0.0361328125 0.24256953124999997 0.0791015625 0.22503438125000003
2 0.8427734375 0.6195751828125 0.8818359375 0.6078850859375 0.92578125 0.553818384375 0.8955078125 0.558202171875 0.8935546875 0.5377444984374999 0.8798828125 0.5465120734375 0.8603515625 0.5435895484375 0.8574218765625 0.49244536875 0.8505859375 0.4763714859375 0.8330078125 0.488061584375 0.8212890625 0.47929400937500005 0.8046875 0.509980515625 0.8046875 0.56258595625 0.8251953125 0.6195751828125 0.8388671875 0.6078850859375 0.8427734375 0.6195751828125
2 0.7753906234375 0.5479733343750001 0.8027343765625 0.518748090625 0.8144531234375 0.42814983125 0.8037109375 0.3916182765625 0.7802734375 0.4208435203125 0.7724609375 0.39746332500000003 0.7597656234375 0.42522730781250007 0.7558593765625 0.480755271875 0.7675781234375 0.5362832375 0.7666015625 0.5728147921875 0.7753906234375 0.5479733343750001
2 0.5878906234375 0.39015701406250003 0.6074218765625 0.43983992968749996 0.6337890625 0.4763714859375 0.6474609375 0.4734489609375 0.6894531234375 0.41061468437500004 0.7109375 0.3521641953125 0.7109375 0.337551575 0.7041015625 0.3331677875 0.6513671875 0.3916182765625 0.6318359375 0.34193535937499997 0.6240234375 0.3331677875 0.6123046875 0.3390128359375 0.6015625 0.36385429375 0.6015625 0.39015701406250003 0.5888671875 0.3740831296875 0.5878906234375 0.39015701406250003
2 0.5927734375 0.7540113078124999 0.59765625 0.7350149 0.5605468765625 0.6414941171875 0.5625 0.618113921875 0.5839843765625 0.5596634328125 0.58984375 0.5070579921875 0.5810546875 0.514364303125 0.5712890625 0.5026742046875 0.5566406234375 0.5275156625 0.5488281234375 0.5596634328125 0.5380859375 0.56696974375 0.4580078125 0.540667021875 0.4609375 0.5596634328125 0.4814453125 0.5903499390625 0.55078125 0.644416640625 0.5927734375 0.7540113078124999
2 0.5166015625 0.5552796453125 0.5380859375 0.5494345968750001 0.5458984375 0.56112469375 0.5566406234375 0.5275156625 0.5859375 0.480755271875 0.5957031234375 0.42814983125 0.5869140625 0.4208435203125 0.5673828125 0.45006876562500003 0.5605468765625 0.37846691718750003 0.5419921875 0.350702934375 0.5390625 0.39015701406250003 0.5292968765625 0.41061468437500004 0.5322265625 0.452991290625 0.5087890625 0.41792099687500006 0.4892578125 0.41207594687500004 0.4824218765625 0.4223047828125 0.4824218765625 0.4515300265625 0.4951171875 0.488061584375 0.4482421875 0.4588363375 0.4658203125 0.4997516828125 0.49609375 0.5245931390624999 0.4873046875 0.5435895484375 0.5166015625 0.5552796453125
2 0.609375 0.574276053125 0.6435546875 0.6371103296875 0.6777343765625 0.6677968359374999 0.6845703125 0.7101734421875 0.6816406234375 0.6619517874999999 0.7089843765625 0.6298040203124999 0.72265625 0.5918112 0.734375 0.5129030421875 0.7080078125 0.56696974375 0.7089843765625 0.5333607109375 0.6982421875 0.49390663124999995 0.6904296875 0.49390663124999995 0.67578125 0.5245931390624999 0.66796875 0.5275156625 0.6513671875 0.47929400937500005 0.6396484375 0.4705264359375 0.6308593765625 0.4895228453125 0.6269531234375 0.5392057609375 0.6328125 0.5684310046875 0.6103515625 0.5552796453125 0.609375 0.574276053125
2 0.61328125 0.211883021875 0.5966796875 0.2104217609375 0.5634765625 0.23672447968750002 0.5517578125 0.1841190421875 0.5283203125 0.1899640875 0.5146484375 0.15197127187499998 0.50390625 0.1797352546875 0.5058593765625 0.2440307921875 0.5283203125 0.306865065625 0.5869140625 0.2630272 0.61328125 0.211883021875
2 0.4873046875 0 0.50390625 0.048221653125 0.5400390625 0.09352078281250001 0.5634765625 0.0789081609375 0.5859375 0.0423766046875 0.59375 0.013151359375 0.5927734375 0 0.5830078125 0 0.5537109375 0.023380195312499998 0.5419921875 0 0.5126953125 0 0.5107421875 0.011690098437500001 0.5009765625 0 0.4873046875 0
2 0.1660156234375 0.11836223906250001 0.1699218765625 0.0891369953125 0.1533203125 0.0789081609375 0.1396484375 0.0847532078125 0.1357421875 0.040915342187499995 0.1103515625 0.0584504890625 0.0908203125 0.046760390624999995 0.08203125 0.056989228125 0.08203125 0.1242072890625 0.0927734375 0.15781632031249998 0.1318359375 0.15781632031249998 0.1660156234375 0.11836223906250001
2 0.8515625 0.9337465625 0.8994140625 0.9965808359375 0.9228515625 0.9995033624999999 0.9511718765625 0.9454366593750001 0.953125 0.9249789875 0.9638671875 0.9235177265625 0.9707031234375 0.9103663671875 0.98046875 0.8752960734374999 0.98046875 0.846070828125 0.9716796875 0.8416870421875 0.9560546875 0.8533771390625 0.9345703125 0.882602384375 0.921875 0.843148303125 0.8974609375 0.812461796875 0.8779296875 0.8504546156250001 0.8574218765625 0.82561315625 0.859375 0.8752960734374999 0.8339843765625 0.869451025 0.83984375 0.9074438406249999 0.8515625 0.9337465625