2 0.40234375 0.3916015625 0.3603515625 0.34765625 0.2802734375 0.328125 0.2451171875 0.328125 0.21875 0.3447265625 0.185546875 0.4150390625 0.181640625 0.4423828125 0.203125 0.5107421875 0.2255859375 0.5234375 0.251953125 0.5244140625 0.3369140625 0.515625 0.40234375 0.4677734375 0.412109375 0.4462890625 0.40234375 0.3916015625
2 0.205078125 0.1181640625 0.1865234375 0.095703125 0.1259765625 0.1171875 0.1103515625 0.134765625 0.0849609375 0.138671875 0.0625 0.1806640625 0.0751953125 0.21875 0.1279296875 0.259765625 0.15625 0.2685546875 0.1796875 0.2490234375 0.19140625 0.2099609375 0.185546875 0.1630859375 0.205078125 0.1181640625
2 0.7783203125 0.369140625 0.7138671875 0.3203125 0.6962890625 0.31640625 0.662109375 0.3369140625 0.6328125 0.3818359375 0.623046875 0.4404296875 0.6533203125 0.490234375 0.703125 0.5146484375 0.7841796875 0.474609375 0.8046875 0.4482421875 0.806640625 0.4130859375 0.7783203125 0.369140625
2 0.9560546875 0.251953125 0.9228515625 0.21875 0.8974609375 0.220703125 0.8544921875 0.24609375 0.833984375 0.2822265625 0.83203125 0.3115234375 0.845703125 0.3583984375 0.8662109375 0.37890625 0.888671875 0.3818359375 0.9697265625 0.3671875 1 0.3232421875 0.9765625 0.2587890625 0.9560546875 0.251953125
2 0.5498046875 0.486328125 0.5341796875 0.482421875 0.4521484375 0.50390625 0.427734375 0.5322265625 0.4375 0.5791015625 0.4873046875 0.623046875 0.513671875 0.6279296875 0.55078125 0.6005859375 0.56640625 0.5537109375 0.5625 0.5048828125 0.5498046875 0.486328125
2 0.607421875 0.1298828125 0.615234375 0.0732421875 0.5224609375 0.0234375 0.443359375 0.0615234375 0.44140625 0.1123046875 0.45703125 0.1494140625 0.4501953125 0.15625 0.4404296875 0.134765625 0.43359375 0.1455078125 0.44140625 0.1669921875 0.4716796875 0.19140625 0.541015625 0.1982421875 0.5615234375 0.140625 0.5703125 0.1826171875 0.587890625 0.1748046875 0.607421875 0.1298828125
2 0.3525390625 0.234375 0.3720703125 0.2265625 0.380859375 0.2099609375 0.375 0.1162109375 0.3427734375 0.076171875 0.20703125 0.1533203125 0.220703125 0.1982421875 0.2470703125 0.23046875 0.2666015625 0.236328125 0.2822265625 0.2265625 0.318359375 0.2470703125 0.328125 0.2392578125 0.3251953125 0.189453125 0.3359375 0.1923828125 0.3525390625 0.234375
2 0 0.3798828125 0.0283203125 0.412109375 0.08984375 0.4287109375 0.142578125 0.4208984375 0.1240234375 0.3359375 0.1611328125 0.359375 0.17578125 0.3525390625 0.173828125 0.3212890625 0.0908203125 0.25 0.0458984375 0.2578125 0 0.3408203125 0 0.3798828125
2 0.62890625 0.3232421875 0.62109375 0.2841796875 0.599609375 0.2431640625 0.5673828125 0.22265625 0.5419921875 0.224609375 0.4755859375 0.26171875 0.458984375 0.2900390625 0.46484375 0.3544921875 0.5068359375 0.369140625 0.5205078125 0.392578125 0.5546875 0.4052734375 0.5810546875 0.396484375 0.6015625 0.3759765625 0.62109375 0.3525390625 0.62890625 0.3232421875
2 0.486328125 0.2490234375 0.48828125 0.2119140625 0.4306640625 0.19140625 0.3994140625 0.19140625 0.388671875 0.2001953125 0.390625 0.2177734375 0.361328125 0.2373046875 0.359375 0.2705078125 0.376953125 0.3193359375 0.427734375 0.3701171875 0.4609375 0.3544921875 0.45703125 0.2998046875 0.46875 0.2646484375 0.486328125 0.2490234375
2 0.7626953125 0.13671875 0.7021484375 0.140625 0.6689453125 0.162109375 0.6357421875 0.15625 0.611328125 0.2001953125 0.619140625 0.2431640625 0.66796875 0.2763671875 0.67578125 0.3076171875 0.720703125 0.3154296875 0.7578125 0.2880859375 0.77734375 0.2470703125 0.7890625 0.1884765625 0.7626953125 0.13671875