1 0.7880859375 0.51171875 0.76171875 0.5380859375 0.75390625 0.5791015625 0.78515625 0.6552734375 0.794921875 0.6572265625 0.82421875 0.6025390625 0.826171875 0.5595703125 0.8125 0.5283203125 0.7880859375 0.51171875
1 0.873046875 0.6220703125 0.85546875 0.6669921875 0.8662109375 0.693359375 0.896484375 0.6962890625 0.912109375 0.6650390625 0.916015625 0.6103515625 0.9091796875 0.599609375 0.873046875 0.6220703125
1 0.8212890625 0.388671875 0.802734375 0.4150390625 0.798828125 0.4404296875 0.80859375 0.4521484375 0.828125 0.4404296875 0.84375 0.4111328125 0.8388671875 0.3828125 0.8212890625 0.388671875
1 0.0537109375 0.50390625 0.037109375 0.5283203125 0.046875 0.5712890625 0.11328125 0.6201171875 0.1171875 0.5771484375 0.10546875 0.5419921875 0.0810546875 0.513671875 0.0537109375 0.50390625
1 0.0625 0.6396484375 0.0546875 0.5810546875 0.0009765625 0.541015625 0 0.6162109375 0.0625 0.6396484375
1 0.31640625 0.3876953125 0.30859375 0.4169921875 0.314453125 0.4599609375 0.32421875 0.4599609375 0.345703125 0.4091796875 0.345703125 0.3896484375 0.3310546875 0.375 0.31640625 0.3876953125
1 0.25 0.5087890625 0.2294921875 0.486328125 0.2216796875 0.482421875 0.2119140625 0.482421875 0.205078125 0.4873046875 0.205078125 0.5107421875 0.20703125 0.5126953125 0.20703125 0.5361328125 0.212890625 0.5556640625 0.23046875 0.5830078125 0.2509765625 0.59765625 0.25390625 0.5966796875 0.263671875 0.5693359375 0.263671875 0.5361328125 0.26171875 0.5302734375 0.25 0.5087890625
1 0.20703125 0.5283203125 0.205078125 0.4873046875 0.1884765625 0.47265625 0.1806640625 0.470703125 0.1689453125 0.462890625 0.1630859375 0.46484375 0.15625 0.4716796875 0.15625 0.4775390625 0.154296875 0.4794921875 0.154296875 0.5146484375 0.15625 0.5205078125 0.1669921875 0.53125 0.1982421875 0.544921875 0.2080078125 0.5546875 0.212890625 0.5537109375 0.212890625 0.5498046875 0.208984375 0.5439453125 0.208984375 0.5302734375 0.20703125 0.5283203125
1 0.775390625 0.3681640625 0.767578125 0.3955078125 0.771484375 0.4423828125 0.78125 0.4443359375 0.794921875 0.4365234375 0.802734375 0.4091796875 0.7939453125 0.361328125 0.775390625 0.3681640625
1 0.365234375 0.3486328125 0.38671875 0.3720703125 0.388671875 0.3388671875 0.3701171875 0.310546875 0.361328125 0.3212890625 0.365234375 0.3486328125
1 0.326171875 0.3232421875 0.32421875 0.3408203125 0.333984375 0.3740234375 0.353515625 0.3837890625 0.365234375 0.3447265625 0.359375 0.3212890625 0.3466796875 0.314453125 0.326171875 0.3232421875
2 0.7109375 0.3232421875 0.716796875 0.3525390625 0.736328125 0.3603515625 0.763671875 0.3232421875 0.7509765625 0.29296875 0.7314453125 0.294921875 0.7109375 0.3232421875