0 0.27734375 0.45078125 0.4671875 0.628125
0 0.56328125 0.5640625 0.496875 0.66328125
0 0.4078125 0.18046875 0.34453125 0.35546875
1 0.38515625 0.18046875 0.03359375 0.20390625
1 0.33828125 0.35390625 0.03984375 0.17578125
1 0.2734375 0.57734375 0.10546875 0.2171875
1 0.30546875 0.596875 0.12109375 0.2375
1 0.47734375 0.73671875 0.0828125 0.19296875
1 0.4234375 0.63671875 0.14609375 0.13046875
1 0.58984375 0.684375 0.08828125 0.16015625
1 0.71875 0.85234375 0.05625 0.11171875
1 0.83203125 0.7484375 0.103125 0.05859375
1 0.83515625 0.71484375 0.05859375 0.0390625
0 0.75 0.70625 0.42109375 0.5765625