0 0.8765625 0.42578125 0.06953125 0.26171875
0 0.2609375 0.428125 0.071875 0.27890625
0 0.71875 0.4328125 0.08671875 0.3125
0 0.51953125 0.4484375 0.06015625 0.2234375
0 0.1734375 0.509375 0.06015625 0.2328125
0 0.82109375 0.5203125 0.0625 0.228125
0 0.303125 0.6296875 0.07421875 0.2015625
0 0.1984375 0.66484375 0.0578125 0.18984375
0 0.05625 0.39921875 0.09140625 0.259375
0 0.4109375 0.40390625 0.0796875 0.23046875
0 0.56875 0.4046875 0.0796875 0.24765625
0 0.9359375 0.4078125 0.0890625 0.2234375
1 0.31875 0.375 0.02890625 0.03671875
1 0.253125 0.4703125 0.0390625 0.03828125
1 0.728125 0.403125 0.0234375 0.0625
1 0.95859375 0.4734375 0.03203125 0.021875
1 0.51640625 0.55078125 0.0296875 0.06796875
1 0.80625 0.58125 0.04453125 0.05546875