0 0.3375 0.61640625 0.3578125 0.31328125
0 0.7359375 0.7296875 0.4359375 0.37421875
0 0.68828125 0.23515625 0.33046875 0.24296875
0 0.18671875 0.29140625 0.3234375 0.328125
0 0.78671875 0.41015625 0.39765625 0.353125
1 0.221875 0.2375 0.0671875 0.175
1 0.26640625 0.33828125 0.103125 0.07734375
1 0.2890625 0.3296875 0.13203125 0.10078125
1 0.625 0.16953125 0.0546875 0.109375
1 0.70234375 0.19921875 0.0328125 0.09921875
1 0.78984375 0.51328125 0.18515625 0.09453125
1 0.8 0.65546875 0.128125 0.11875
1 0.74609375 0.821875 0.02734375 0.15390625
1 0.7125 0.809375 0.0359375 0.15234375
1 0.271875 0.61328125 0.125 0.03515625
1 0.35546875 0.5515625 0.0921875 0.13046875
1 0.446875 0.54921875 0.05 0.12578125