0 0.19140625 0.44921875 0.18046875 0.3890625
0 0.3484375 0.4625 0.1703125 0.39921875
0 0.51171875 0.55625 0.1875 0.40390625
0 0.95546875 0.5828125 0.084375 0.4015625
0 0.703125 0.5921875 0.2140625 0.38671875
0 0.1859375 0.2390625 0.228125 0.3078125
1 0.534375 0.78359375 0.025 0.14140625
1 0.559375 0.7953125 0.0359375 0.096875
1 0.56484375 0.7921875 0.04296875 0.0578125
1 0.78203125 0.45 0.06015625 0.034375
1 0.75 0.5453125 0.02734375 0.075
1 0.4828125 0.32734375 0.0375 0.04453125
1 0.1921875 0.2 0.0359375 0.05859375
1 0.17734375 0.53203125 0.02890625 0.0390625
1 0.3765625 0.4921875 0.04296875 0.0625
1 0.40078125 0.640625 0.075 0.0875