0 0.1921875 0.2796875 0.35546875 0.31953125
0 0.33515625 0.603125 0.3921875 0.31015625
0 0.75390625 0.74375 0.4828125 0.34140625
0 0.79375 0.403125 0.38203125 0.3625
1 0.2234375 0.240625 0.06015625 0.18125
1 0.265625 0.33984375 0.11328125 0.084375
1 0.28828125 0.3296875 0.13828125 0.10078125
0 0.690625 0.25390625 0.321875 0.25546875
1 0.6265625 0.1703125 0.0578125 0.11796875
1 0.70234375 0.2046875 0.028125 0.109375
1 0.79140625 0.5140625 0.19375 0.10703125
1 0.7125 0.8171875 0.03984375 0.134375
1 0.746875 0.82734375 0.03046875 0.15078125
1 0.803125 0.653125 0.12421875 0.115625
1 0.2734375 0.61640625 0.12890625 0.04140625
1 0.3546875 0.55859375 0.0875 0.12109375
1 0.4453125 0.54921875 0.0421875 0.12890625