0 0.8703125 0.7453125 0.259375 0.48046875
0 0.84375 0.3140625 0.2984375 0.4734375
0 0.5796875 0.4734375 0.24765625 0.43984375
0 0.16015625 0.68359375 0.3171875 0.428125
0 0.22734375 0.3609375 0.31953125 0.43984375
1 0.14296875 0.7859375 0.1484375 0.0625
1 0.17109375 0.75 0.0859375 0.06796875
1 0.2390625 0.5921875 0.05625 0.10390625
1 0.215625 0.36171875 0.11328125 0.1984375
1 0.77421875 0.3953125 0.0984375 0.1015625
1 0.78515625 0.33984375 0.1046875 0.1015625
1 0.790625 0.3078125 0.11640625 0.11171875
1 0.93125 0.69609375 0.04296875 0.21875
1 0.83359375 0.8359375 0.12109375 0.06640625
1 0.45625 0.18828125 0.0390625 0.04375
1 0.5578125 0.175 0.03515625 0.090625
1 0.4859375 0.36328125 0.03671875 0.0640625
1 0.584375 0.38984375 0.02890625 0.0984375
1 0.6671875 0.471875 0.04921875 0.06640625
1 0.4046875 0.21640625 0.03203125 0.0359375