0 0.740625 0.41796875 0.1921875 0.3265625
0 0.4375 0.4734375 0.3609375 0.51953125
0 0.61875 0.78125 0.2140625 0.22109375
0 0.3296875 0.08515625 0.1296875 0.1703125
0 0.453125 0.8890625 0.271875 0.2140625
1 0.53203125 0.5453125 0.17421875 0.07734375
1 0.1828125 0.7140625 0.04375 0.18671875
1 0.7828125 0.896875 0.071875 0.09140625
1 0.47265625 0.11640625 0.08984375 0.153125
1 0.7015625 0.23515625 0.1546875 0.0359375
1 0.33203125 0.4015625 0.14921875 0.128125
1 0.19375 0.95390625 0.0421875 0.09140625
1 0.4671875 0.63671875 0.1203125 0.25390625