0 0.21484375 0.5953125 0.4296875 0.803125
0 0.58515625 0.396875 0.36328125 0.79296875
0 0.834375 0.4109375 0.3265625 0.821875
1 0.07421875 0.14921875 0.1484375 0.10234375
1 0.08359375 0.10703125 0.16640625 0.1046875
1 0.18828125 0.5078125 0.08046875 0.171875
1 0.4109375 0.765625 0.14375 0.05546875
1 0.03828125 0.7296875 0.06875 0.0640625
1 0.6453125 0.58515625 0.14453125 0.1609375
1 0.484375 0.253125 0.125 0.36875
1 0.53515625 0.2453125 0.05625 0.4859375
1 0.8640625 0.50546875 0.16875 0.15
1 0.97734375 0.1984375 0.0453125 0.13984375
1 0.7421875 0.0390625 0.0421875 0.078125