0 0.41484375 0.540625 0.11796875 0.19921875
0 0.5375 0.5671875 0.10078125 0.259375
0 0.28515625 0.6296875 0.1609375 0.21640625
0 0.1890625 0.77265625 0.1875 0.290625
0 0.50390625 0.81484375 0.178125 0.2234375
0 0.54453125 0.13203125 0.09375 0.1703125
0 0.44921875 0.1875 0.0984375 0.14921875
0 0.3078125 0.2828125 0.11796875 0.165625
0 0.2453125 0.3484375 0.125 0.15390625
1 0.16953125 0.76171875 0.065625 0.0828125
1 0.1453125 0.8390625 0.08046875 0.04921875
1 0.55703125 0.528125 0.03515625 0.12109375