0 0.40859375 0.5640625 0.22109375 0.428125
0 0.8546875 0.56484375 0.18984375 0.30546875
0 0.1984375 0.6703125 0.24296875 0.4203125
0 0.76796875 0.240625 0.1921875 0.3390625
0 0.56953125 0.384375 0.22109375 0.46875
1 0.18828125 0.68671875 0.17265625 0.025
1 0.3875 0.7078125 0.14296875 0.18203125
1 0.39765625 0.74375 0.1328125 0.246875
1 0.23671875 0.93046875 0.05859375 0.11875
1 0.58984375 0.61875 0.03359375 0.34921875
1 0.60546875 0.58046875 0.05390625 0.2046875
1 0.7015625 0.27109375 0.07890625 0.14140625
1 0.7671875 0.321875 0.05546875 0.08125
1 0.69921875 0.24921875 0.10078125 0.090625