0 0.11875 0.540625 0.0765625 0.1734375
0 0.04453125 0.6546875 0.084375 0.2234375
0 0.9046875 0.08046875 0.18515625 0.1609375
0 0.5140625 0.1671875 0.13203125 0.16328125
0 0.85 0.24140625 0.2046875 0.1875
1 0.1828125 0.4890625 0.07578125 0.090625
1 0.17890625 0.51484375 0.09765625 0.06015625
1 0.1875 0.63828125 0.059375 0.13984375
1 0.28203125 0.5765625 0.10625 0.08984375
1 0.265625 0.59765625 0.053125 0.10625
1 0.246875 0.621875 0.065625 0.12109375
1 0.23671875 0.62578125 0.0453125 0.125
1 0.43046875 0.20625 0.12109375 0.03125
1 0.45234375 0.25703125 0.0875 0.11953125
1 0.45234375 0.296875 0.0875 0.153125
1 0.8921875 0.31875 0.05703125 0.0515625
1 0.91875 0.24609375 0.06328125 0.0515625
1 0.9390625 0.046875 0.11640625 0.05546875
1 0.60859375 0.753125 0.0296875 0.103125
1 0.653125 0.84921875 0.065625 0.03359375
1 0.56328125 0.8046875 0.046875 0.059375
1 0.5171875 0.70234375 0.03515625 0.04375