0 0.75703125 0.8171875 0.4859375 0.365625
1 0.5859375 0.1078125 0.115625 0.215625
1 0.87578125 0.7796875 0.24765625 0.0625
1 0.13828125 0.5078125 0.20546875 0.02890625
1 0.30078125 0.90078125 0.1921875 0.1984375
1 0.71171875 0.3625 0.396875 0.1046875
1 0.72109375 0.09140625 0.0734375 0.1828125
0 0.4671875 0.44765625 0.67578125 0.41640625
1 0.6828125 0.50703125 0.35078125 0.1875
1 0.49609375 0.53046875 0.08125 0.203125
1 0.06796875 0.265625 0.13203125 0.05234375
1 0.06015625 0.0828125 0.1203125 0.15078125
1 0.40625 0.72421875 0.0703125 0.125
1 0.85234375 0.653125 0.20546875 0.2046875
1 0.3140625 0.5859375 0.065625 0.12109375
1 0.23125 0.446875 0.1015625 0.04609375