0 0.2546875 0.4296875 0.509375 0.640625
0 0.43203125 0.18046875 0.4265625 0.3609375
0 0.5625 0.56484375 0.53828125 0.65390625
1 0.36484375 0.1609375 0.04921875 0.18125
1 0.3203125 0.3421875 0.04921875 0.165625
1 0.25 0.5890625 0.1203125 0.20234375
1 0.6 0.70390625 0.08828125 0.14140625
1 0.8640625 0.753125 0.11171875 0.0625
1 0.4671875 0.74609375 0.0890625 0.19296875
1 0.28828125 0.60625 0.12734375 0.225
1 0.41171875 0.6421875 0.16015625 0.12890625
1 0.740625 0.85078125 0.0609375 0.1046875
1 0.87109375 0.7171875 0.0734375 0.0453125