1 0.446875 0.225 0.05625 0.109375
1 0.1125 0.209375 0.0625 0.125
1 0.71328125 0.725 0.16328125 0.05625
1 0.70703125 0.79765625 0.1609375 0.14453125
1 0.28203125 0.61796875 0.16484375 0.1421875
1 0.61484375 0.35703125 0.0484375 0.2515625
1 0.69765625 0.37890625 0.21796875 0.2125
1 0.571875 0.14921875 0.08203125 0.05078125
1 0.68359375 0.353125 0.146875 0.2234375
1 0.2890625 0.68515625 0.12578125 0.17890625
1 0.32734375 0.696875 0.07109375 0.196875
1 0.70703125 0.79921875 0.16015625 0.13515625
1 0.7328125 0.84609375 0.09296875 0.075
1 0.20078125 0.165625 0.07734375 0.15234375
1 0.09296875 0.13125 0.078125 0.15390625
0 0.171875 0.1375 0.32421875 0.2546875
0 0.4390625 0.15703125 0.2890625 0.29375
0 0.3609375 0.55078125 0.46171875 0.5375
0 0.80390625 0.6625 0.3734375 0.4234375