1 0.58046875 0.296875 0.23671875 0.04765625
1 0.79765625 0.23671875 0.17265625 0.16953125
1 0.78984375 0.403125 0.1328125 0.159375
1 0.84609375 0.97734375 0.06796875 0.04453125
1 0.63515625 0.72109375 0.2140625 0.0296875
1 0.4171875 0.7359375 0.18046875 0.04921875
1 0.5671875 0.640625 0.078125 0.10078125
1 0.3359375 0.0484375 0.178125 0.07578125
1 0.08125 0.046875 0.16171875 0.0625
1 0.19453125 0.52890625 0.32578125 0.0390625
1 0.28125 0.6 0.0515625 0.11328125
1 0.215625 0.56484375 0.16640625 0.0546875
1 0.08515625 0.0296875 0.1703125 0.0421875
0 0.68359375 0.3296875 0.47734375 0.35859375
0 0.2765625 0.57421875 0.50078125 0.26484375
0 0.534375 0.7328125 0.49453125 0.29375