0 0.73828125 0.37734375 0.03828125 0.10546875
0 0.36171875 0.490625 0.06015625 0.134375
0 0.46171875 0.52421875 0.03359375 0.1296875
0 0.24765625 0.5296875 0.0484375 0.11796875
0 0.4203125 0.53984375 0.02890625 0.1203125
0 0.75703125 0.55390625 0.03359375 0.125
0 0.146875 0.57421875 0.04296875 0.10546875
0 0.28359375 0.6453125 0.04296875 0.11796875
0 0.9234375 0.66796875 0.05078125 0.14453125
0 0.52421875 0.671875 0.05546875 0.1296875
0 0.07578125 0.72265625 0.0578125 0.13671875
0 0.72734375 0.8265625 0.03359375 0.12265625
0 0.2171875 0.834375 0.06015625 0.1734375
0 0.5375 0.90625 0.040625 0.115625
0 0.90625 0.16328125 0.04296875 0.11796875
0 0.0515625 0.22265625 0.02421875 0.08203125
0 0.2515625 0.23828125 0.0359375 0.09375
0 0.66953125 0.28359375 0.053125 0.1109375
0 0.59609375 0.415625 0.053125 0.09375