0 0.75625 0.44921875 0.0984375 0.1515625
0 0.83203125 0.353125 0.09140625 0.16328125
0 0.91953125 0.3265625 0.103125 0.146875
0 0.10546875 0.68984375 0.2046875 0.2671875
0 0.11328125 0.48203125 0.1109375 0.16328125
0 0.23046875 0.36328125 0.09609375 0.15390625
0 0.165625 0.22734375 0.071875 0.09609375
0 0.6140625 0.265625 0.0765625 0.1421875
0 0.66796875 0.20546875 0.0671875 0.10546875
1 0.6171875 0.76328125 0.046875 0.0671875
1 0.40703125 0.7484375 0.04765625 0.05234375
1 0.2875 0.80859375 0.0515625 0.065625
1 0.15 0.93984375 0.0375 0.071875
1 0.63671875 0.66640625 0.03359375 0.04140625