0 0.17890625 0.7671875 0.0671875 0.22109375
0 0.2921875 0.56640625 0.1109375 0.25234375
0 0.18984375 0.5421875 0.134375 0.21640625
0 0.7359375 0.65390625 0.09609375 0.18046875
0 0.8453125 0.7359375 0.05546875 0.1734375
0 0.68125 0.740625 0.05078125 0.18046875
0 0.615625 0.66015625 0.07421875 0.2046875
0 0.525 0.6515625 0.0796875 0.1875
0 0.46875 0.66484375 0.06953125 0.18515625
0 0.03125 0.6078125 0.0625 0.2015625
0 0.36875 0.29453125 0.09140625 0.14921875
0 0.5484375 0.31875 0.09375 0.16328125
0 0.0515625 0.27421875 0.0671875 0.13203125
0 0.203125 0.16328125 0.0796875 0.16796875
0 0.75703125 0.3375 0.1109375 0.16796875
0 0.42890625 0.62265625 0.071875 0.2046875