0 0.3 0.92734375 0.13125 0.1203125
0 0.49609375 0.93203125 0.1109375 0.09375
0 0.6890625 0.88515625 0.075 0.090625
0 0.86484375 0.89765625 0.109375 0.1203125
0 0.10390625 0.8546875 0.0453125 0.0671875
0 0.1453125 0.72890625 0.05625 0.0625
0 0.35390625 0.725 0.1078125 0.1125
0 0.5140625 0.72890625 0.0796875 0.1140625
0 0.77421875 0.69921875 0.1171875 0.146875
0 0.13671875 0.47734375 0.134375 0.1578125
0 0.90625 0.484375 0.1734375 0.1765625
0 0.8140625 0.2328125 0.3109375 0.2359375
0 0.5125 0.23828125 0.2890625 0.2203125
0 0.1734375 0.24375 0.34375 0.2578125
0 0.5 0.05859375 1 0.1171875
0 0.65546875 0.40234375 0.05 0.0671875
0 0.75390625 0.42109375 0.06875 0.0890625
0 0.48828125 0.475 0.1421875 0.1796875