0 0.496875 0.484375 0.3140625 0.28125
0 0.7984375 0.4921875 0.24375 0.253125
0 0.36640625 0.7140625 0.1875 0.146875
0 0.65703125 0.715625 0.3140625 0.1625
1 0.73671875 0.4453125 0.05234375 0.1609375
1 0.8640625 0.51171875 0.121875 0.08046875
1 0.6125 0.7578125 0.05078125 0.084375
1 0.3953125 0.67578125 0.02890625 0.1125
1 0.39921875 0.51953125 0.134375 0.08125
1 0.55546875 0.47109375 0.115625 0.12421875
1 0.53828125 0.58515625 0.06953125 0.0515625
1 0.7234375 0.7296875 0.08359375 0.06015625
1 0.621875 0.64765625 0.03671875 0.096875
1 0.81484375 0.4703125 0.090625 0.1171875
1 0.31875 0.7203125 0.09140625 0.0640625
1 0.35390625 0.6703125 0.05 0.08984375