0 0.5765625 0.51328125 0.1109375 0.21640625
0 0.69140625 0.38125 0.10078125 0.165625
0 0.86171875 0.62109375 0.1296875 0.2859375
0 0.60546875 0.7796875 0.1703125 0.2984375
0 0.4546875 0.53359375 0.11328125 0.18984375
0 0.19453125 0.5796875 0.08671875 0.16328125
0 0.3390625 0.59609375 0.09140625 0.1828125
0 0.08515625 0.52421875 0.0984375 0.1828125
0 0.6140625 0.228125 0.06484375 0.125
0 0.36640625 0.328125 0.08203125 0.1078125
0 0.91015625 0.2078125 0.0765625 0.1203125
0 0.8734375 0.071875 0.05078125 0.0890625