0 0.63671875 0.25703125 0.315625 0.2671875
0 0.37421875 0.19609375 0.2203125 0.2125
0 0.38359375 0.41796875 0.25 0.196875
0 0.8 0.52890625 0.2828125 0.2375
0 0.69375 0.7421875 0.29375 0.259375
1 0.39375 0.08828125 0.053125 0.1765625
1 0.7765625 0.471875 0.03359375 0.0921875
1 0.66328125 0.7015625 0.0390625 0.134375
1 0.728125 0.74375 0.06796875 0.053125
1 0.84140625 0.46640625 0.05546875 0.1
1 0.78828125 0.584375 0.05546875 0.0859375
1 0.60234375 0.1703125 0.04609375 0.1234375
1 0.5296875 0.1765625 0.07890625 0.128125
1 0.42421875 0.3078125 0.06796875 0.16875