0 0.4390625 0.7578125 0.575 0.484375
0 0.8375 0.6359375 0.1171875 0.1171875
0 0.95625 0.68359375 0.0875 0.1171875
0 0.93828125 0.5265625 0.1234375 0.096875
0 0.79140625 0.4640625 0.1 0.084375
0 0.68359375 0.4609375 0.096875 0.0953125
0 0.84453125 0.36796875 0.0984375 0.059375
0 0.9 0.45 0.071875 0.078125
0 0.9703125 0.4234375 0.059375 0.1296875
0 0.303125 0.4640625 0.1265625 0.0890625
0 0.165625 0.5640625 0.1109375 0.0953125
0 0.04765625 0.65 0.0953125 0.103125
0 0.03984375 0.4984375 0.059375 0.1296875
0 0.14609375 0.45546875 0.109375 0.1
0 0.546875 0.44609375 0.115625 0.0859375
0 0.234375 0.2734375 0.46875 0.2640625
0 0.43046875 0.378125 0.0859375 0.0890625
0 0.746875 0.36640625 0.078125 0.071875
0 0.55546875 0.33359375 0.0734375 0.0890625