0 0.61171875 0.61484375 0.08125 0.1203125
0 0.2703125 0.56015625 0.0640625 0.1046875
0 0.24296875 0.4125 0.0625 0.08125
0 0.4140625 0.32421875 0.0890625 0.1171875
0 0.31328125 0.1390625 0.05 0.08125
0 0.38203125 0.15078125 0.05625 0.0578125
0 0.403125 0.04140625 0.1359375 0.0671875
0 0.578125 0.08046875 0.053125 0.0828125
0 0.6171875 0.028125 0.059375 0.05625
0 0.41484375 0.49375 0.1078125 0.1484375
0 0.6703125 0.7828125 0.1046875 0.121875
0 0.77109375 0.84375 0.0625 0.15625
0 0.36796875 0.91953125 0.0859375 0.115625
0 0.9359375 0.87734375 0.084375 0.115625
0 0.8109375 0.696875 0.1359375 0.128125
0 0.915625 0.58046875 0.071875 0.109375
0 0.73671875 0.49609375 0.0609375 0.0859375
0 0.775 0.4703125 0.0671875 0.1234375
0 0.90546875 0.36875 0.08125 0.0921875
0 0.87734375 0.19296875 0.08125 0.1
0 0.825 0.084375 0.0875 0.090625
0 0.74296875 0.15 0.0484375 0.1078125
0 0.9828125 0.725 0.034375 0.128125
0 0.671875 0.290625 0.0875 0.1328125