0 0.62578125 0.67734375 0.3328125 0.31875
0 0.1078125 0.7984375 0.215625 0.2140625
0 0.8078125 0.32578125 0.2625 0.3125
0 0.5734375 0.4 0.3203125 0.28125
0 0.92109375 0.4609375 0.1578125 0.215625
0 0.56796875 0.2453125 0.259375 0.284375
0 0.28359375 0.40859375 0.2640625 0.2265625
1 0.5296875 0.47734375 0.18984375 0.03984375
1 0.73046875 0.6671875 0.08515625 0.04609375
1 0.59140625 0.696875 0.11328125 0.08125
1 0.41640625 0.5171875 0.02734375 0.0953125
1 0.45 0.58125 0.02890625 0.2
1 0.8875 0.35 0.1109375 0.03203125
1 0.8296875 0.41875 0.0546875 0.11171875
1 0.6625 0.3421875 0.05078125 0.16015625
1 0.6265625 0.7515625 0.0921875 0.13515625