0 0.496875 0.490625 0.99375 0.98125
0 0.503125 0.275 0.359375 0.471875
1 0.578125 0.3234375 0.1125 0.1203125
1 0.465625 0.725 0.09765625 0.1484375
1 0.97890625 0.5625 0.04140625 0.1140625
1 0.7484375 0.82421875 0.08515625 0.08046875
1 0.196875 0.3859375 0.03515625 0.14453125
1 0.4875 0.49375 0.05625 0.1625
1 0.91484375 0.1359375 0.11328125 0.03671875
1 0.05546875 0.75546875 0.03359375 0.0890625
1 0.48125 0.61640625 0.09453125 0.040625
1 0.11328125 0.7484375 0.05234375 0.128125
1 0.021875 0.52734375 0.03359375 0.06328125