0 0.86484375 0.60234375 0.2703125 0.2453125
0 0.90390625 0.396875 0.1921875 0.15859375
0 0.67890625 0.27265625 0.26953125 0.228125
0 0.5140625 0.4015625 0.21171875 0.19921875
1 0.690625 0.21015625 0.03828125 0.08828125
1 0.3859375 0.67109375 0.04375 0.0828125
1 0.94765625 0.3515625 0.0828125 0.06015625
1 0.83984375 0.67421875 0.06484375 0.08828125
1 0.9453125 0.5828125 0.10703125 0.03359375
1 0.759375 0.66796875 0.06875 0.1046875
1 0.32421875 0.5796875 0.0984375 0.0234375
1 0.22578125 0.67890625 0.075 0.0421875
1 0.6671875 0.22890625 0.03359375 0.07890625