0 0.5 0.834375 0.2921875 0.1953125
0 0.15625 0.7828125 0.3125 0.2578125
0 0.20390625 0.10390625 0.25 0.1484375
0 0.16640625 0.3625 0.3 0.1875
0 0.12265625 0.534375 0.2453125 0.184375
0 0.36015625 0.56796875 0.178125 0.2609375
1 0.21953125 0.1296875 0.17109375 0.0421875
1 0.1484375 0.340625 0.09453125 0.06875
1 0.328125 0.5515625 0.1015625 0.06015625
1 0.4671875 0.82265625 0.06640625 0.04609375
1 0.18203125 0.8 0.1171875 0.08046875
1 0.29140625 0.61171875 0.0859375 0.0421875
1 0.06640625 0.34140625 0.028125 0.046875