0 0.3328125 0.753125 0.1578125 0.2015625
0 0.1453125 0.75703125 0.14375 0.1765625
0 0.3109375 0.6078125 0.1734375 0.1515625
0 0.67421875 0.47890625 0.0578125 0.0890625
0 0.03828125 0.3796875 0.065625 0.096875
0 0.26328125 0.34375 0.075 0.0859375
0 0.6546875 0.37421875 0.125 0.0765625
0 0.9078125 0.4140625 0.1015625 0.065625
0 0.8984375 0.346875 0.0546875 0.075
0 0.70078125 0.31796875 0.0546875 0.0578125
0 0.80390625 0.3296875 0.1109375 0.0625
0 0.05625 0.2625 0.0609375 0.0765625
0 0.10390625 0.2453125 0.053125 0.078125
0 0.5 0.15859375 1 0.1734375
0 0.1265625 0.19453125 0.040625 0.0328125
0 0.2734375 0.25703125 0.071875 0.0375
0 0.2875 0.2234375 0.05625 0.0390625
0 0.19296875 0.16640625 0.0703125 0.05625
0 0.1046875 0.13671875 0.075 0.0421875
0 0.840625 0.278125 0.05625 0.0421875
0 0.84140625 0.209375 0.05 0.0390625
0 0.52578125 0.228125 0.0625 0.0765625
0 0.45078125 0.215625 0.0859375 0.075
0 0.6828125 0.22109375 0.1203125 0.04375
0 0.2828125 0.15546875 0.0625 0.09375
0 0.4484375 0.146875 0.1546875 0.0671875
0 0.95 0.19765625 0.0875 0.0671875
1 0.334375 0.87578125 0.0375 0.115625
1 0.15390625 0.81640625 0.0546875 0.078125
1 0.61953125 0.42890625 0.02265625 0.034375