0 0.42890625 0.39375 0.3265625 0.3625
0 0.85078125 0.346875 0.296875 0.425
0 0.41171875 0.796875 0.3953125 0.2890625
0 0.7375 0.68828125 0.2140625 0.375
0 0.13046875 0.31796875 0.2453125 0.50625
0 0.45546875 0.065625 0.225 0.13125
0 0.66640625 0.30703125 0.134375 0.28125
1 0.7859375 0.23828125 0.065625 0.18828125
1 0.34921875 0.82890625 0.12578125 0.03046875
1 0.15078125 0.46171875 0.05 0.1984375
1 0.44140625 0.57578125 0.0546875 0.14453125
1 0.82890625 0.82265625 0.04453125 0.1125
1 0.03046875 0.75 0.0609375 0.1765625
1 0.7734375 0.3265625 0.06171875 0.15
1 0.3765625 0.8015625 0.1078125 0.10078125
1 0.71953125 0.88359375 0.02578125 0.19375
1 0.83046875 0.81640625 0.03359375 0.10390625