0 0.171875 0.69375 0.240625 0.309375
0 0.3703125 0.64609375 0.16875 0.2875
0 0.5046875 0.528125 0.1296875 0.20625
0 0.8390625 0.5578125 0.2109375 0.20625
0 0.14921875 0.4046875 0.234375 0.1875
0 0.371875 0.4078125 0.1296875 0.1953125
0 0.2421875 0.2609375 0.1375 0.11875
0 0.4953125 0.2125 0.08125 0.0859375
0 0.82109375 0.4078125 0.2796875 0.146875
0 0.87421875 0.2984375 0.20625 0.1109375
0 0.69375 0.2609375 0.1453125 0.1625
0 0.81328125 0.07890625 0.0953125 0.075
0 0.36328125 0.1375 0.1046875 0.1
0 0.1625 0.153125 0.1046875 0.0921875
0 0.0953125 0.0640625 0.1421875 0.0953125
1 0.40234375 0.79140625 0.04921875 0.115625
1 0.728125 0.5203125 0.059375 0.0703125
1 0.3109375 0.86484375 0.05 0.1296875