0 0.21796875 0.44140625 0.4359375 0.640625
0 0.4 0.175 0.4140625 0.35
0 0.57734375 0.5953125 0.475 0.640625
0 0.76171875 0.6921875 0.4515625 0.615625
1 0.86796875 0.75390625 0.09921875 0.05
1 0.3734375 0.1578125 0.03984375 0.16171875
1 0.25 0.5828125 0.1046875 0.1484375
1 0.60390625 0.70234375 0.0890625 0.11796875
1 0.325 0.3296875 0.04609375 0.12578125
1 0.28984375 0.6015625 0.15 0.20078125
1 0.47734375 0.7453125 0.0921875 0.19453125
1 0.73515625 0.84921875 0.053125 0.09765625
1 0.4109375 0.6265625 0.13046875 0.121875