0 0.6671875 0.484375 0.390625 0.2796875
0 0.15859375 0.478125 0.3046875 0.2421875
0 0.5046875 0.8046875 0.3703125 0.325
0 0.66953125 0.0875 0.3640625 0.175
0 0.1171875 0.25 0.2265625 0.209375
1 0.5546875 0.54140625 0.053125 0.14296875
1 0.60234375 0.8546875 0.0765625 0.08203125
1 0.2609375 0.73984375 0.078125 0.23671875
1 0.334375 0.9265625 0.15859375 0.021875
1 0.921875 0.5203125 0.0375 0.14296875
1 0.0640625 0.42890625 0.128125 0.128125
1 0.1515625 0.1578125 0.03828125 0.1078125
1 0.07890625 0.690625 0.1578125 0.071875
1 0.88828125 0.1546875 0.05625 0.1796875
1 0.60390625 0.5171875 0.04453125 0.0953125
1 0.7296875 0.9265625 0.05625 0.14609375
1 0.63125 0.803125 0.0890625 0.075