0 0.19296875 0.60078125 0.35625 0.3671875
0 0.228125 0.2234375 0.334375 0.240625
0 0.80703125 0.33359375 0.265625 0.34375
0 0.67734375 0.125 0.41875 0.25
0 0.496875 0.8609375 0.2765625 0.265625
0 0.7359375 0.60703125 0.246875 0.2171875
1 0.69375 0.09921875 0.0734375 0.16875
1 0.15234375 0.16796875 0.1375 0.10703125
1 0.14921875 0.246875 0.07734375 0.05390625
1 0.178125 0.584375 0.0796875 0.17109375
1 0.5296875 0.9421875 0.084375 0.115625
1 0.09609375 0.8296875 0.1078125 0.16796875
1 0.46640625 0.95546875 0.02890625 0.07890625
1 0.0921875 0.5703125 0.096875 0.1734375