0 0.91015625 0.31015625 0.053125 0.1515625
0 0.76796875 0.59375 0.06015625 0.1921875
0 0.63671875 0.625 0.053125 0.1515625
0 0.1453125 0.06640625 0.05546875 0.13203125
0 0.09609375 0.65859375 0.0578125 0.16328125
0 0.2609375 0.7359375 0.06484375 0.12265625
0 0.16484375 0.7953125 0.0578125 0.17578125
0 0.7078125 0.8078125 0.0671875 0.146875
0 0.46015625 0.81875 0.0765625 0.1703125
0 0.79453125 0.8375 0.0578125 0.16796875
0 0.86171875 0.89765625 0.071875 0.1734375
0 0.59140625 0.1265625 0.0484375 0.15390625
0 0.6765625 0.16953125 0.0453125 0.13671875
0 0.084375 0.18046875 0.053125 0.11796875
0 0.5015625 0.2546875 0.053125 0.11796875
0 0.25390625 0.2703125 0.0671875 0.15390625
1 0.60703125 0.90390625 0.02890625 0.090625
1 0.8640625 0.921875 0.02421875 0.09609375
1 0.253125 0.2921875 0.0515625 0.1015625