0 0.55703125 0.153125 0.3609375 0.275
0 0.596875 0.3578125 0.2875 0.24375
0 0.25 0.31875 0.334375 0.228125
0 0.22421875 0.15859375 0.3375 0.19375
0 0.89140625 0.221875 0.2171875 0.2125
0 0.8703125 0.44609375 0.259375 0.240625
0 0.5125 0.8921875 0.5515625 0.215625
0 0.24296875 0.76484375 0.4125 0.2609375
0 0.1796875 0.5453125 0.3390625 0.2640625
0 0.48515625 0.50234375 0.36875 0.2953125
0 0.84609375 0.64296875 0.3078125 0.290625
1 0.53984375 0.38828125 0.13671875 0.0734375
1 0.171875 0.70546875 0.1265625 0.10703125
1 0.91640625 0.71640625 0.053125 0.16328125
1 0.5765625 0.76015625 0.03671875 0.08984375
1 0.453125 0.734375 0.09140625 0.0765625